D:/data/myYOLOdata/VOC20200311/JPEGImages/20191106T061546251.jpg 760,414,1108,729,2 847,638,1282,1081,0 589,375,1091,1080,1
D:/data/myYOLOdata/VOC20200311/JPEGImages/20191106T074102808.jpg 870,373,1131,632,2 1226,248,1397,414,2 1409,380,1591,568,2 760,655,1089,1076,0 901,371,1423,1110,1 1190,223,1431,670,1 1395,384,1658,1051,1
D:/data/myYOLOdata/VOC20200311/JPEGImages/20191106T0843201336.jpg 901,168,1083,361,2 917,174,1285,930,1 783,632,1650,1078,0
D:/data/myYOLOdata/VOC20200311/JPEGImages/20191106T065845538.jpg 496,365,684,602,2 962,327,1120,511,2 617,790,909,1080,2 300,335,684,1078,1 909,293,1212,943,1
D:/data/myYOLOdata/VOC20200311/JPEGImages/20191106T073816703.jpg 648,549,819,733,2 1181,286,1355,502,2 684,975,875,1078,2 920,522,1482,1076,0 606,553,945,1057,1 1049,286,1468,1072,1
D:/data/myYOLOdata/VOC20200311/JPEGImages/20191106T0843201322.jpg 353,267,494,392,2 392,538,800,1068,0 364,270,819,820,1
D:/data/myYOLOdata/VOC20200311/JPEGImages/20191106T0843201354.jpg 800,634,1678,1074,0 976,125,1145,316,2 988,96,1313,945,1
D:/data/myYOLOdata/VOC20200311/JPEGImages/20191106T0819171023.jpg 1251,134,1397,289,2 822,613,1625,1015,0 1148,123,1465,786,1
D:/data/myYOLOdata/VOC20200311/JPEGImages/20191106T061649301.jpg 662,0,800,138,2 463,198,1061,886,0 592,1,985,528,1
D:/data/myYOLOdata/VOC20200311/JPEGImages/20191106T065845501.jpg 460,291,808,1044,1 898,358,1221,958,1 524,293,693,492,2 929,360,1091,521,2
D:/data/myYOLOdata/VOC20200311/JPEGImages/20191106T0825581087.jpg 1164,356,1313,509,2 704,500,1647,1019,0 1105,348,1355,881,1
D:/data/myYOLOdata/VOC20200311/JPEGImages/20191106T061537151.jpg 1212,329,1409,560,2 651,445,1541,1042,0 884,257,1512,1074,1
